[ 48. 952.][105. 965.]
[ 49. 932.][105. 944.]
[412. 932.][513. 941.]
[557. 930.][662. 942.]
[344. 931.][358. 943.]
[ 49. 910.][120. 923.]
[ 49. 890.][105. 903.]
[ 49. 870.][149. 883.]
[411. 850.][512. 859.]
[ 48. 848.][107. 863.]
[558. 848.][662. 860.]
[344. 849.][358. 861.]
[553. 829.][659. 839.]
[405. 828.][513. 840.]
[ 48. 827.][106. 842.]
[344. 827.][358. 841.]
[ 49. 808.][134. 821.]
[422. 788.][514. 800.]
[344. 788.][358. 800.]
[ 49. 786.][180. 800.]
[ 49. 768.][163. 780.]
[ 49. 746.][133. 758.]
[ 49. 726.][121. 739.]
[ 49. 706.][150. 718.]
[ 49. 686.][134. 699.]
[577. 665.][662. 677.]
[ 48. 665.][162. 677.]
[ 49. 645.][105. 655.]
[ 49. 624.][150. 636.]
[576. 622.][662. 636.]
[429. 623.][514. 635.]
[345. 624.][355. 634.]
[ 34. 603.][112. 616.]
[543. 584.][660. 593.]
[398. 584.][513. 593.]
[ 63. 583.][149. 596.]
[570. 561.][660. 573.]
[428. 562.][513. 573.]
[ 48. 561.][134. 574.]
[344. 561.][357. 574.]
[ 49. 541.][210. 554.]
[ 49. 522.][133. 535.]
[404. 499.][513. 511.]
[ 49. 500.][ 77. 514.]
[551. 499.][661. 511.]
[348. 502.][354. 510.]
[ 49. 480.][163. 493.]
[ 92. 459.][150. 472.]
[ 49. 439.][150. 452.]
[568. 438.][663. 450.]
[ 49. 420.][121. 431.]
[568. 417.][663. 429.]
[429. 417.][514. 429.]
[346. 418.][355. 429.]
[ 49. 398.][181. 411.]
[ 49. 377.][134. 390.]
[ 49. 356.][106. 369.]
[ 49. 337.][106. 350.]
[557. 335.][662. 347.]
[411. 335.][513. 347.]
[345. 335.][357. 348.]
[ 49. 315.][133. 327.]
[ 49. 295.][106. 308.]
[345. 295.][355. 306.]
[568. 274.][662. 286.]
[412. 275.][513. 284.]
[ 49. 274.][106. 287.]
[344. 274.][356. 287.]
[ 48. 254.][134. 267.]
[ 32. 233.][ 91. 246.]
[ 49. 214.][315. 227.]
[ 49. 193.][150. 206.]
[ 47. 172.][107. 188.]
[396. 172.][513. 184.]
[344. 172.][357. 184.]
[ 48. 153.][120. 166.]
[542. 132.][662. 144.]
[404. 131.][513. 143.]
[ 49. 132.][106. 145.]
[345. 133.][355. 142.]
[ 33. 110.][ 98. 125.]
[388.  91.][509. 103.]
[535.  90.][657. 103.]
[337.  90.][366. 104.]
[160.  90.][188. 104.]
[523.  69.][661.  82.]
[34. 50.][266.  64.]
[287.  31.][408.  43.]
[296.   7.][399.  20.]
