[558. 227.][649. 238.]
[400. 228.][503. 238.]
[ 37. 227.][ 95. 240.]
[335. 226.][344. 240.]
[ 37. 207.][124. 219.]
[ 21. 185.][ 80. 198.]
[ 38. 167.][305. 179.]
[ 37. 146.][141. 158.]
[ 37. 126.][ 96. 138.]
[385. 126.][503. 136.]
[335. 124.][343. 138.]
[ 37. 105.][110. 117.]
[37. 85.][96. 98.]
[532.  85.][650.  95.]
[393.  84.][503.  96.]
[336.  84.][343.  96.]
[22. 64.][89. 77.]
[524.  44.][645.  56.]
[378.  43.][499.  56.]
[326.  42.][356.  57.]
[148.  42.][178.  58.]
[575.  23.][649.  35.]
[510.  21.][557.  35.]
[23.  4.][255.  16.]
